9.972416837898166477e+02
9.917459219227578160e+02
9.862804469951557849e+02
9.808450920968101627e+02
9.754396912373595114e+02
9.700640793412101175e+02
9.647180922424894334e+02
9.594015666800418103e+02
9.541143402924333259e+02
9.488562516130015183e+02
9.436271400649196721e+02
9.384268459562915723e+02
9.332552104752817286e+02
9.281120756852551494e+02
9.229972845199646372e+02
9.179106807787480875e+02
9.128521091217564845e+02
9.078214150652174794e+02
9.028184449767084061e+02
8.978430460704731786e+02
8.928950664027511266e+02
8.879743548671358440e+02
8.830807611899660969e+02
8.782141359257299200e+02
8.733743304525065696e+02
8.685611969674249622e+02
8.637745884821479194e+02
8.590143588183887005e+02
8.542803626034400395e+02
8.495724552657413824e+02
8.448904930304604477e+02
8.402343329150997988e+02
8.356038327251371811e+02
8.309988510496752951e+02
8.264192472571297685e+02
8.218648814909315661e+02
8.173356146652537291e+02
8.128313084607688097e+02
8.083518253204193798e+02
8.038970284452224178e+02
7.994667817900881346e+02
7.950609500596649468e+02
7.906793987042105982e+02
7.863219939154802205e+02
7.819886026226428157e+02
7.776790924882130867e+02
7.733933319040152128e+02
7.691311899871611786e+02
7.648925365760510431e+02
7.606772422264040188e+02
7.564851782072987589e+02
7.523162164972477512e+02
7.481702297802844441e+02
7.440470914420742474e+02
7.399466755660527042e+02
7.358688569295727575e+02
7.318135110000879422e+02
7.277805139313456948e+02
7.237697425596035146e+02
7.197810743998722955e+02
7.158143876421705727e+02
7.118695611478088949e+02
7.079464744456894323e+02
7.040450077286229771e+02
7.001650418496769817e+02
6.963064583185295078e+02
6.924691392978577369e+02
6.886529675997345521e+02
6.848578266820499039e+02
6.810836006449558226e+02
6.773301742273208674e+02
6.735974328032161793e+02
6.698852623784100615e+02
6.661935495868900716e+02
6.625221816873998932e+02
6.588710465599942836e+02
6.552400327026188052e+02
6.516290292277021763e+02
6.480379258587691993e+02
6.444666129270764259e+02
6.409149813682579406e+02
6.373829227190007032e+02
6.338703291137261431e+02
6.303770932813005174e+02
6.269031085417574332e+02
6.234482688030383315e+02
6.200124685577559376e+02
6.165956028799683963e+02
6.131975674219779648e+02
6.098182584111440292e+02
6.064575726467105596e+02
6.031154074966599410e+02
5.997916608945732833e+02
5.964862313365174487e+02
5.931990178779442431e+02
5.899299201306048417e+02
5.866788382594889981e+02
5.834456729797709613e+02
5.802303255537819950e+02
5.770326977879926744e+02
5.738526920300125767e+02
5.706902111656130501e+02
5.675451586157553265e+02
5.644174383336460323e+02
5.613069548018022488e+02
5.582136130291324889e+02
5.551373185480400707e+02
5.520779774115331975e+02
5.490354961903610729e+02
5.460097819701554727e+02
5.430007423485976688e+02
5.400082854325946755e+02
5.370323198354709575e+02
5.340727546741817378e+02
5.311294995665347187e+02
5.282024646284295386e+02
5.252915604711154174e+02
5.223966981984575568e+02
5.195177894042268463e+02
5.166547461693955938e+02
5.138074810594554265e+02
5.109759071217471842e+02
5.081599378828026943e+02
5.053594873457072367e+02
5.025744699874720141e+02
4.998048007564207751e+02
4.970503950695959361e+02
4.943111688101713526e+02
4.915870383248874873e+02
4.888779204214931156e+02
4.861837323662074937e+02
4.835043918811932713e+02
4.808398171420408858e+02
4.781899267752748983e+02
4.755546398558635133e+02
4.729338759047514031e+02
4.703275548864004918e+02
4.677355972063438116e+02
4.651579237087589149e+02
4.625944556740456619e+02
4.600451148164266897e+02
4.575098232815541905e+02
4.549885036441318107e+02
4.524810789055525220e+02
4.499874724915442243e+02
4.475076082498346182e+02
4.450414104478217041e+02
4.425888037702646898e+02
4.401497133169820586e+02
4.377240646005630538e+02
4.353117835440958743e+02
4.329127964789034877e+02
4.305270301422930288e+02
4.281544116753213984e+02
4.257948686205666604e+02
4.234483289199188789e+02
4.211147209123756170e+02
4.187939733318572166e+02
4.164860153050287295e+02
4.141907763491337846e+02
4.119081863698457937e+02
4.096381756591248973e+02
4.073806748930884964e+02
4.051356151298972463e+02
4.029029278076457103e+02
4.006825447422726256e+02
3.984743981254744085e+02
3.962784205226382710e+02
3.940945448707805099e+02
3.919227044764984385e+02
3.897628330139352784e+02
3.876148645227523275e+02
3.854787334061169872e+02
3.833543744286983497e+02
3.812417227146736991e+02
3.791407137457504177e+02
3.770512833591917001e+02
3.749733677458612533e+02
3.729069034482715210e+02
3.708518273586464034e+02
3.688080767169956857e+02
3.667755891091956073e+02
3.647543024650858001e+02
3.627441550565708894e+02
3.607450854957376123e+02
3.587570327329795532e+02
3.567799360551309178e+02
3.548137350836152564e+02
3.528583697726002697e+02
3.509137804071626761e+02
3.489799076014675734e+02
3.470566922969517236e+02
3.451440757605226395e+02
3.432419995827626735e+02
3.413504056761470338e+02
3.394692362732693596e+02
3.375984339250762218e+02
3.357379414991145836e+02
3.338877021777865934e+02
3.320476594566128483e+02
3.302177571425094129e+02
3.283979393520690451e+02
3.265881505098572006e+02
3.247883353467120173e+02
3.229984388980591916e+02
3.212184065022320851e+02
3.194481837988013240e+02
3.176877167269171878e+02
3.159369515236561483e+02
3.141958347223811643e+02
3.124643131511069782e+02
3.107423339308776349e+02
3.090298444741515596e+02
3.073267924831940832e+02
3.056331259484821317e+02
3.039487931471155662e+02
3.022737426412358559e+02
3.006079232764582798e+02
2.989512841803065726e+02
2.973037747606618950e+02
2.956653447042156131e+02
2.940359439749349235e+02
2.924155228125337089e+02
2.908040317309516354e+02
2.892014215168456417e+02
2.876076432280851236e+02
2.860226481922572930e+02
2.844463880051819729e+02
2.828788145294316791e+02
2.813198798928637530e+02
2.797695364871556762e+02
2.782277369663538025e+02
2.766944342454261232e+02
2.751695814988236748e+02
2.736531321590521770e+02
2.721450399152489581e+02
2.706452587117684061e+02
2.691537427467763450e+02
2.676704464708500950e+02
2.661953245855892192e+02
2.647283320422297948e+02
2.632694240402711898e+02
2.618185560261060800e+02
2.603756836916601856e+02
2.589407629730397389e+02
2.575137500491856599e+02
2.560946013405346662e+02
2.546832735076885399e+02
2.532797234500916090e+02
2.518839083047137706e+02
2.504957854447407044e+02
2.491153124782734096e+02
2.477424472470334820e+02
2.463771478250741325e+02
2.450193725175019495e+02
2.436690798592017586e+02
2.423262286135718853e+02
2.409907777712630264e+02
2.396626865489277236e+02
2.383419143879740432e+02
2.370284209533261333e+02
2.357221661321939905e+02
2.344231100328476884e+02
2.331312129833984557e+02
2.318464355305888205e+02
2.305687384385857968e+02
2.292980826877844436e+02
2.280344294736145798e+02
2.267777402053572189e+02
2.255279765049654657e+02
2.242851002058915810e+02
2.230490733519230560e+02
2.218198581960227500e+02
2.205974171991750268e+02
2.193817130292417517e+02
2.181727085598194833e+02
2.169703668691080338e+02
2.157746512387811890e+02
2.145855251528664667e+02
2.134029522966297634e+02
2.122268965554652596e+02
2.110573220137942769e+02
2.098941929539672913e+02
2.087374738551731639e+02
2.075871293923547114e+02
2.064431244351299881e+02
2.053054240467195086e+02
2.041739934828782737e+02
2.030487981908363508e+02
2.019298038082426388e+02
2.008169761621152531e+02
1.997102812677989618e+02
1.986096853279260017e+02
1.975151547313855360e+02
1.964266560522952716e+02
1.953441560489825406e+02
1.942676216629682813e+02
1.931970200179567030e+02
1.921323184188327389e+02
1.910734843506630227e+02
1.900204854777020387e+02
1.889732896424062005e+02
1.879318648644500911e+02
1.868961793397515976e+02
1.858662014394988375e+02
1.848418997091857534e+02
1.838232428676509187e+02
1.828101998061216023e+02
1.818027395872649379e+02
1.808008314442426752e+02
1.798044447797706766e+02
1.788135491651862026e+02
1.778281143395170716e+02
1.768481102085586940e+02
1.758735068439540612e+02
1.749042744822805560e+02
1.739403835241407705e+02
1.729818045332579288e+02
1.720285082355780730e+02
1.710804655183754051e+02
1.701376474293628291e+02
1.692000251758084914e+02
1.682675701236562986e+02
1.673402537966514956e+02
1.664180478754704779e+02
1.655009241968566300e+02
1.645888547527602839e+02
1.636818116894824300e+02
1.627797673068255335e+02
1.618826940572459421e+02
1.609905645450143936e+02
1.601033515253777466e+02
1.592210279037280145e+02
1.583435667347748961e+02
1.574709412217217732e+02
1.566031247154488710e+02
1.557400907136987200e+02
1.548818128602661943e+02
1.540282649441948593e+02
1.531794208989755077e+02
1.523352548017509207e+02
1.514957408725231005e+02
1.506608534733673537e+02
1.498305671076483634e+02
1.490048564192416620e+02
1.481836961917596227e+02
1.473670613477813731e+02
1.465549269480862051e+02
1.457472681908932373e+02
1.449440604111026119e+02
1.441452790795435703e+02
1.433508998022240064e+02
1.425608983195867552e+02
1.417752505057681560e+02
1.409939323678607934e+02
1.402169200451816948e+02
1.394441898085432854e+02
1.386757180595283785e+02
1.379114813297697708e+02
1.371514562802337309e+02
1.363956197005072966e+02
1.356439485080886982e+02
1.348964197476832396e+02
1.341530105905022765e+02
1.334136983335651792e+02
1.326784603990072071e+02
1.319472743333888332e+02
1.312201178070111780e+02
1.304969686132328661e+02
1.297778046677930490e+02
1.290626040081362476e+02
1.283513447927415996e+02
1.276440053004562714e+02
1.269405639298320381e+02
1.262409991984649338e+02
1.255452897423403442e+02
1.248534143151794211e+02
1.241653517877912094e+02
1.234810811474264653e+02
1.228005814971368466e+02
1.221238320551362762e+02
1.214508121541659733e+02
1.207815012408639745e+02
1.201158788751372128e+02
1.194539247295368227e+02
1.187956185886381633e+02
1.181409403484226317e+02
1.174898700156646356e+02
1.168423877073199719e+02
1.161984736499194923e+02
1.155581081789650000e+02
1.149212717383281586e+02
1.142879448796541482e+02
1.136581082617672536e+02
1.130317426500801474e+02
1.124088289160063994e+02
1.117893480363769214e+02
1.111732810928584883e+02
1.105606092713758386e+02
1.099513138615377272e+02
1.093453762560650659e+02
1.087427779502225462e+02
1.081435005412541557e+02
1.075475257278206271e+02
1.069548353094406679e+02
1.063654111859349456e+02
1.057792353568739685e+02
1.051962899210278266e+02
1.046165570758192587e+02
1.040400191167808259e+02
1.034666584370135638e+02
1.028964575266493426e+02
1.023293989723165396e+02
1.017654654566075862e+02
1.012046397575510071e+02
1.006469047480844665e+02
1.000922433955325488e+02
9.954063876108627085e+01
9.899207399928569373e+01
9.844653235750557485e+01
9.790399717544381986e+01
9.736445188461260614e+01
9.682788000783244797e+01
9.629426515872903281e+01
9.576359104123267230e+01
9.523584144908078031e+01
9.471100026532279514e+01
9.418905146182814292e+01
9.366997909879660256e+01
9.315376732427174034e+01
9.264040037365656133e+01
9.212986256923217354e+01
9.162213831967903843e+01
9.111721211960076516e+01
9.061506854905069019e+01
9.011569227306092955e+01
8.961906804117394643e+01
8.912518068697686147e+01
8.863401512763844892e+01
8.814555636344847755e+01
8.765978947735932536e+01
8.717669963453086268e+01
8.669627208187711176e+01
8.621849214761583369e+01
8.574334524082050280e+01
8.527081685097449792e+01
8.480089254752827799e+01
8.433355797945837651e+01
8.386879887482940887e+01
8.340660104035798383e+01
8.294695036097949981e+01
8.248983279941684543e+01
8.203523439575187126e+01
8.158314126699896462e+01
8.113353960668115405e+01
8.068641568440853007e+01
8.024175584545875495e+01
7.979954651036021573e+01
7.935977417447719517e+01
7.892242540759752956e+01
7.848748685352258292e+01
7.805494522965908288e+01
7.762478732661369918e+01
7.719700000778958326e+01
7.677157020898511064e+01
7.634848493799515268e+01
7.592773127421394008e+01
7.550929636824082536e+01
7.509316744148767953e+01
7.467933178578864784e+01
7.426777676301220765e+01
7.385848980467507374e+01
7.345145841155832045e+01
7.304667015332590552e+01
7.264411266814478552e+01
7.224377366230751818e+01
7.184564090985693952e+01
7.144970225221257465e+01
7.105594559779947872e+01
7.066435892167889676e+01
7.027493026518105523e+01
6.988764773554008514e+01
6.950249950553055100e+01
6.911947381310649519e+01
6.873855896104214480e+01
6.835974331657473613e+01
6.798301531104912954e+01
6.760836343956472660e+01
6.723577626062399304e+01
6.686524239578299955e+01
6.649675052930402330e+01
6.613028940780993992e+01
6.576584783994066186e+01
6.540341469601115421e+01
6.504297890767172419e+01
6.468452946756991651e+01
6.432805542901436979e+01
6.397354590564060572e+01
6.362099007107840976e+01
6.327037715862135769e+01
6.292169646089791968e+01
6.257493732954443999e+01
6.223008917488012059e+01
6.188714146558339735e+01
6.154608372837044783e+01
6.120690554767534763e+01
6.086959656533196039e+01
6.053414648025761124e+01
6.020054504813853669e+01
5.986878208111699706e+01
5.953884744748012281e+01
5.921073107135055835e+01
5.888442293237872605e+01
5.855991306543688779e+01
5.823719156031465616e+01
5.791624856141652344e+01
5.759707426746074077e+01
5.727965893118006591e+01
5.696399285902415244e+01
5.665006641086338846e+01
5.633786999969457554e+01
5.602739409134811410e+01
5.571862920419686560e+01
5.541156590886661348e+01
5.510619482794807311e+01
5.480250663571046488e+01
5.450049205781681394e+01
5.420014187104064263e+01
5.390144690298432550e+01
5.360439803179902896e+01
5.330898618590605764e+01
5.301520234371984941e+01
5.272303753337241972e+01
5.243248283243949004e+01
5.214352936766792368e+01
5.185616831470470345e+01
5.157039089782752228e+01
5.128618838967676652e+01
5.100355211098890607e+01
5.072247343033161115e+01
5.044294376384002021e+01
5.016495457495459220e+01
4.988849737416049379e+01
4.961356371872823701e+01
4.934014521245595830e+01
4.906823350541296236e+01
4.879782029368464435e+01
4.852889731911902516e+01
4.826145636907445891e+01
4.799548927616884697e+01
4.773098791803030139e+01
4.746794421704898781e+01
4.720635014013043218e+01
4.694619769845030532e+01
4.668747894721033020e+01
4.643018598539584474e+01
4.617431095553423148e+01
4.591984604345522314e+01
4.566678347805208205e+01
4.541511553104438548e+01
4.516483451674196203e+01
4.491593279181023490e+01
4.466840275503673041e+01
4.442223684709893661e+01
4.417742755033356161e+01
4.393396738850677963e+01
4.369184892658616093e+01
4.345106477051330529e+01
4.321160756697830152e+01
4.297347000319498278e+01
4.273664480667770960e+01
4.250112474501926130e+01
4.226690262566992118e+01
4.203397129571784774e+01
4.180232364167059700e+01
4.157195258923798065e+01
4.134285110311596156e+01
4.111501218677173597e+01
4.088842888223015848e+01
4.066309426986126851e+01
4.043900146816887542e+01
4.021614363358048649e+01
3.999451396023828664e+01
3.977410567979126910e+01
3.955491206118856695e+01
3.933692641047390026e+01
3.912014207058107473e+01
3.890455242113086598e+01
3.869015087822857168e+01
3.847693089426316959e+01
3.826488595770725709e+01
3.805400959291820584e+01
3.784429535994045324e+01
3.763573685430875315e+01
3.742832770685264876e+01
3.722206158350191174e+01
3.701693218509318228e+01
3.681293324717756121e+01
3.661005853982925373e+01
3.640830186745537844e+01
3.620765706860671429e+01
3.600811801578959859e+01
3.580967861527870610e+01
3.561233280693107162e+01
3.541607456400090825e+01
3.522089789295558404e+01
3.502679683329264293e+01
3.483376545735772112e+01
3.464179787016353629e+01
3.445088820920986450e+01
3.426103064430450473e+01
3.407221937738521689e+01
3.388444864234266163e+01
3.369771270484435632e+01
3.351200586215947652e+01
3.332732244298473034e+01
3.314365680727118502e+01
3.296100334605198867e+01
3.277935648127111534e+01
3.259871066561300523e+01
3.241906038233313581e+01
3.224040014508955210e+01
3.206272449777533495e+01
3.188602801435195033e+01
3.171030529868359693e+01
3.153555098437236026e+01
3.136175973459432242e+01
3.118892624193664531e+01
3.101704522823538923e+01
3.084611144441445418e+01
3.067611967032514997e+01
3.050706471458683922e+01
3.033894141442840464e+01
3.017174463553053698e+01
3.000546927186903545e+01
2.984011024555873703e+01
2.967566250669855421e+01
2.951212103321721614e+01
2.934948083071988378e+01
2.918773693233563549e+01
2.902688439856583713e+01
2.886691831713319445e+01
2.870783380283182851e+01
2.854962599737802265e+01
2.839229006926187893e+01
2.823582121359981301e+01
2.808021465198774180e+01
2.792546563235517354e+01
2.777156942882013624e+01
2.761852134154478833e+01
2.746631669659196007e+01
2.731495084578232735e+01
2.716441916655254474e+01
2.701471706181402510e+01
2.686583995981256834e+01
2.671778331398872552e+01
2.657054260283902281e+01
2.642411332977776794e+01
2.627849102299980188e+01
2.613367123534392888e+01
2.598964954415705364e+01
2.584642155115923856e+01
2.570398288230922290e+01
2.556232918767096152e+01
2.542145614128073206e+01
2.528135944101504506e+01
2.514203480845927174e+01
2.500347798877692540e+01
2.486568475057980976e+01
2.472865088579871440e+01
2.459237220955494507e+01
2.445684456003257168e+01
2.432206379835121268e+01
2.418802580843972549e+01
2.405472649691049014e+01
2.392216179293437506e+01
2.379032764811645251e+01
2.365922003637236415e+01
2.352883495380532253e+01
2.339916841858387642e+01
2.327021647082030142e+01
2.314197517244965496e+01
2.301444060710956308e+01
2.288760888002055083e+01
2.276147611786710101e+01
2.263603846867945535e+01
2.251129210171585626e+01
2.238723320734568034e+01
2.226385799693299816e+01
2.214116270272091569e+01
2.201914357771652675e+01
2.189779689557641618e+01
2.177711895049299073e+01
2.165710605708115821e+01
2.153775455026585561e+01
2.141906078517013867e+01
2.130102113700381850e+01
2.118363200095279453e+01
2.106688979206898793e+01
2.095079094516081142e+01
2.083533191468431056e+01
2.072050917463491970e+01
2.060631921843970460e+01
2.049275855885039377e+01
2.037982372783675444e+01
2.026751127648076434e+01
2.015581777487124882e+01
2.004473981199914334e+01
1.993427399565335634e+01
1.982441695231712231e+01
1.971516532706499802e+01
1.960651578346040935e+01
1.949846500345378431e+01
1.939100968728115859e+01
1.928414655336348815e+01
1.917787233820635606e+01
1.907218379630036509e+01
1.896707770002197790e+01
1.886255083953497902e+01
1.875860002269245896e+01
1.865522207493928875e+01
1.855241383921519827e+01
1.845017217585836633e+01
1.834849396250951514e+01
1.824737609401660166e+01
1.814681548233994590e+01
1.804680905645793132e+01
1.794735376227323087e+01
1.784844656251953410e+01
1.775008443666881419e+01
1.765226438083902494e+01
1.755498340770244425e+01
1.745823854639435524e+01
1.736202684242240224e+01
1.726634535757630218e+01
1.717119116983817406e+01
1.707656137329323798e+01
1.698245307804111093e+01
1.688886341010754322e+01
1.679578951135664511e+01
1.670322853940362151e+01
1.661117766752795433e+01
1.651963408458706439e+01
1.642859499493047437e+01
1.633805761831443704e+01
1.624801918981704318e+01
1.615847695975373810e+01
1.606942819359338870e+01
1.598087017187476455e+01
1.589280019012347189e+01
1.580521555876938145e+01
1.571811360306450389e+01
1.563149166300126147e+01
1.554534709323128538e+01
1.545967726298462885e+01
1.537447955598941363e+01
1.528975137039194721e+01
1.520549011867725397e+01
1.512169322759005041e+01
1.503835813805616795e+01
1.495548230510440568e+01
1.487306319778881480e+01
1.479109829911137020e+01
1.470958510594515722e+01
1.462852112895786760e+01
1.454790389253583704e+01
1.446773093470842042e+01
1.438799980707277903e+01
1.430870807471914219e+01
1.422985331615644178e+01
1.415143312323834479e+01
1.407344510108972990e+01
1.399588686803355486e+01
1.391875605551808981e+01
1.384205030804461778e+01
1.376576728309548869e+01
1.368990465106256416e+01
1.361446009517612410e+01
1.353943131143403988e+01
1.346481600853148741e+01
1.339061190779091248e+01
1.331681674309247398e+01
1.324342826080484592e+01
1.317044421971637824e+01
1.309786239096663962e+01
1.302568055797838120e+01
1.295389651638981121e+01
1.288250807398731546e+01
1.281151305063848511e+01
1.274090927822552111e+01
1.267069460057905594e+01
1.260086687341229172e+01
1.253142396425550054e+01
1.246236375239094585e+01
1.239368412878805081e+01
1.232538299603905863e+01
1.225745826829493268e+01
1.218990787120166708e+01
1.212272974183697016e+01
1.205592182864721096e+01
1.198948209138480969e+01
1.192340850104590366e+01
1.185769903980839857e+01
1.179235170097035912e+01
1.172736448888868388e+01
1.166273541891821353e+01
1.159846251735106470e+01
1.153454382135640977e+01
1.147097737892048919e+01
1.140776124878703790e+01
1.134489350039797095e+01
1.128237221383443867e+01
1.122019547975819442e+01
1.115836139935327331e+01
1.109686808426803495e+01
1.103571365655746384e+01
1.097489624862581969e+01
1.091441400316963417e+01
1.085426507312094557e+01
1.079444762159094040e+01
1.073495982181380981e+01
1.067579985709099510e+01
1.061696592073569434e+01
1.055845621601767625e+01
1.050026895610845301e+01
1.044240236402664834e+01
1.038485467258378847e+01
1.032762412433029731e+01
1.027070897150184337e+01
1.021410747596594604e+01
1.015781790916893712e+01
1.010183855208312309e+01
1.004616769515430619e+01
9.990803638249579066e+00
9.935744690605421425e+00
9.880989170776022235e+00
9.826535406581980325e+00
9.772381735059180841e+00
9.718526502408078471e+00
9.664968063943145893e+00
9.611704784042631289e+00
9.558735036098672921e+00
9.506057202467539824e+00
9.453669674420316582e+00
9.401570852093724895e+00
9.349759144441243564e+00
9.298232969184592633e+00
9.246990752765324117e+00
9.196030930296851480e+00
9.145351945516608794e+00
9.094952250738515431e+00
9.044830306805758724e+00
8.994984583043738269e+00
8.945413557213361955e+00
8.896115715464546270e+00
8.847089552289947534e+00
8.798333570479055510e+00
8.749846281072397147e+00
8.701626203316124020e+00
8.653671864616766740e+00
8.605981800496239842e+00
8.558554554547173510e+00
8.511388678388376761e+00
8.464482731620654121e+00
8.417835281782792833e+00
8.371444904307804080e+00
8.325310182479466192e+00
8.279429707388985094e+00
8.233802077892054427e+00
8.188425900565997395e+00
8.143299789667240773e+00
8.098422367088996765e+00
8.053792262319166895e+00
8.009408112398508806e+00
7.965268561878969145e+00
7.921372262782348628e+00
7.877717874559099442e+00
7.834304064047372229e+00
7.791129505432350832e+00
7.748192880205707844e+00
7.705492877125386997e+00
7.663028192175538322e+00
7.620797528526675357e+00
7.578799596496118340e+00
7.537033113508548432e+00
7.495496804056898554e+00
7.454189399663368576e+00
7.413109638840681193e+00
7.372256267053582945e+00
7.331628036680496230e+00
7.291223706975462626e+00
7.251042044030225675e+00
7.211081820736533921e+00
7.171341816748704190e+00
7.131820818446312771e+00
7.092517618897172582e+00
7.053431017820452453e+00
7.014559821550004237e+00
6.975902842997958153e+00
6.937458901618414941e+00
6.899226823371434669e+00
6.861205440687178303e+00
6.823393592430210930e+00
6.785790123864103407e+00
6.748393886616105064e+00
6.711203738642133487e+00
6.674218544191861113e+00
6.637437173774020316e+00
6.600858504121952741e+00
6.564481418159259896e+00
6.528304804965731734e+00
6.492327559743370280e+00
6.456548583782701911e+00
6.420966784429199770e+00
6.385581075049894473e+00
6.350390375000237064e+00
6.315393609591042789e+00
6.280589710055720865e+00
6.245977613517612603e+00
6.211556262957513397e+00
6.177324607181439831e+00
6.143281600788472296e+00
6.109426204138875605e+00
6.075757383322329730e+00
6.042274110126339970e+00
6.008975362004877141e+00
5.975860122047096823e+00
5.942927378946332162e+00
5.910176126969194144e+00
5.877605365924831737e+00
5.845214101134428297e+00
5.813001343400789445e+00
5.780966108978160989e+00
5.749107419542180075e+00
5.717424302159971994e+00
5.685915789260483244e+00
5.654580918604885653e+00
5.623418733257230073e+00
5.592428281555206659e+00
5.561608617081065908e+00
5.530958798632745754e+00
5.500477890195104358e+00
5.470164960911349183e+00
5.440019085054612624e+00
5.410039341999652862e+00
5.380224816194782100e+00
5.350574597133864962e+00
5.321087779328545153e+00
5.291763462280579589e+00
5.262600750454319964e+00
5.233598753249405711e+00
5.204756584973520894e+00
5.176073364815383826e+00
5.147548216817813937e+00
5.119180269851012710e+00
5.090968657585946744e+00
5.062912518467869383e+00
5.035010995690059055e+00
5.007263237167595804e+00
4.979668395511387402e+00
4.952225628002271840e+00
4.924934096565262820e+00
4.897792967743995973e+00
4.870801412675237252e+00
4.843958607063596489e+00
4.817263731156347539e+00
4.790715969718375433e+00
4.764314512007316260e+00
4.738058551748757452e+00
4.711947287111648563e+00
4.685979920683799982e+00
4.660155659447521082e+00
4.634473714755422691e+00
4.608933302306311042e+00
4.583533642121258467e+00
4.558273958519770908e+00
4.533153480096087762e+00
4.508171439695655813e+00
4.483327074391663558e+00
4.458619625461774483e+00
4.434048338364942943e+00
4.409612462718357051e+00
4.385311252274552984e+00
4.361143964898594128e+00
4.337109862545434069e+00
4.313208211237363976e+00
4.289438281041586976e+00
4.265799346047957741e+00
4.242290684346773588e+00
4.218911578006768970e+00
4.195661313053155261e+00
4.172539179445840851e+00
4.149544471057742712e+00
4.126676485653205440e+00
4.103934524866579281e+00
4.081317894180872763e+00
4.058825902906558092e+00
4.036457864160475140e+00
4.014213094844838459e+00
3.992090915626403724e+00
3.970090650915693242e+00
3.948211628846388432e+00
3.926453181254800473e+00
3.904814643659455076e+00
3.883295355240827362e+00
3.861894658821124260e+00
3.840611900844253412e+00
3.819446431355839611e+00
3.798397603983374449e+00
3.777464775916497874e+00
3.756647307887339249e+00
3.735944564151020053e+00
3.715355912466229871e+00
3.694880724075903178e+00
3.674518373688048012e+00
3.654268239456619050e+00
3.634129702962549224e+00
3.614102149194857727e+00
3.594184966531857928e+00
3.574377546722498078e+00
3.554679284867763300e+00
3.535089579402226345e+00
3.515607832075660966e+00
3.496233447934768535e+00
3.476965835305029007e+00
3.457804405772604728e+00
3.438748574166398342e+00
3.419797758540153332e+00
3.400951380154712655e+00
3.382208863460323567e+00
3.363569636079059233e+00
3.345033128787361143e+00
3.326598775498622373e+00
3.308266013245934278e+00
3.290034282164874035e+00
3.271903025476402327e+00
3.253871689469880035e+00
3.235939723486137343e+00
3.218106579900671171e+00
3.200371714106921672e+00
3.182734584499622432e+00
3.165194652458289237e+00
3.147751382330740366e+00
3.130404241416762101e+00
3.113152699951835078e+00
3.095996231090940132e+00
3.078934310892496473e+00
3.061966418302331405e+00
3.045092035137791697e+00
3.028310646071910917e+00
3.011621738617659805e+00
2.995024803112318779e+00
2.978519332701889510e+00
2.962104823325635294e+00
2.945780773700678701e+00
2.929546685306685383e+00
2.913402062370659351e+00
2.897346411851781323e+00
2.881379243426369641e+00
2.865500069472894484e+00
2.849708405057088001e+00
2.834003767917144145e+00
2.818385678448972698e+00
2.802853659691575849e+00
2.787407237312458985e+00
2.772045939593166253e+00
2.756769297414860098e+00
2.741576844243995836e+00
2.726468116118086815e+00
2.711442651631515321e+00
2.696499991921460726e+00
2.681639680653879143e+00
2.666861264009560362e+00
2.652164290670281144e+00
2.637548311805008705e+00
2.623012881056209444e+00
2.608557554526208744e+00
2.594181890763627596e+00
2.579885450749919595e+00
2.565667797885942569e+00
2.551528497978646559e+00
2.537467119227798662e+00
2.523483232212796690e+00
2.509576409879568981e+00
2.495746227527511074e+00
2.481992262796538284e+00
2.468314095654174700e+00
2.454711308382720336e+00
2.441183485566512879e+00
2.427730214079220517e+00
2.414351083071240023e+00
2.401045683957149013e+00
2.387813610403212827e+00
2.374654458315000660e+00
2.361567825825018563e+00
2.348553313280457466e+00
2.335610523230980284e+00
2.322739060416577406e+00
2.309938531755509672e+00
2.297208546332289991e+00
2.284548715385760431e+00
2.271958652297201287e+00
2.259437972578541398e+00
2.246986293860611106e+00
2.234603235881452932e+00
2.222288420474730408e+00
2.210041471558157333e+00
2.197862015122031387e+00
2.185749679217801056e+00
2.173704093946706273e+00
2.161724891448491004e+00
2.149811705890155800e+00
2.137964173454801831e+00
2.126181932330508229e+00
2.114464622699282259e+00
2.102811886726080104e+00
2.091223368547870276e+00
2.079698714262772086e+00
2.068237571919244733e+00
2.056839591505334131e+00
2.045504424937997001e+00
2.034231726052454725e+00
2.023021150591635564e+00
2.011872356195656408e+00
2.000785002391360479e+00
1.989758750581933855e+00
1.978793264036548649e+00
1.967888207880094553e+00
1.957043249082946357e+00
1.946258056450784757e+00
1.935532300614498880e+00
1.924865654020112116e+00
1.914257790918789670e+00
1.903708387356887632e+00
1.893217121166052008e+00
1.882783671953396132e+00
1.872407721091696065e+00
1.862088951709678586e+00
1.851827048682335608e+00
1.841621698621295433e+00
1.831472589865266176e+00
1.821379412470501169e+00
1.811341858201350519e+00
1.801359620520832650e+00
1.791432394581283560e+00
1.781559877215045606e+00
1.771741766925200023e+00
1.761977763876373393e+00
1.752267569885567200e+00
1.742610888413064663e+00
1.733007424553366649e+00
1.723456885026182883e+00
1.713958978167486658e+00
1.704513413920594855e+00
1.695119903827319030e+00
1.685778161019155341e+00
1.676487900208515347e+00
1.667248837680027185e+00
1.658060691281855625e+00
1.648923180417100509e+00
1.639836026035221161e+00
1.630798950623506993e+00
1.621811678198618045e+00
1.612873934298140632e+00
1.603985445972218704e+00
1.595145941775212295e+00
1.586355151757404380e+00
1.577612807456766353e+00
1.568918641890747701e+00
1.560272389548132965e+00
1.551673786380930231e+00
1.543122569796301580e+00
1.534618478648553275e+00
1.526161253231151260e+00
1.517750635268797499e+00
1.509386367909541615e+00
1.501068195716928289e+00
1.492795864662209704e+00
1.484569122116575990e+00
1.476387716843449605e+00
1.468251398990803036e+00
1.460159920083539786e+00
1.452113033015898669e+00
1.444110492043905847e+00
1.436152052777877497e+00
1.428237472174949119e+00
1.420366508531658578e+00
1.412538921476564013e+00
1.404754471962895934e+00
1.397012922261269496e+00
1.389314035952412096e+00
1.381657577919952029e+00
1.374043314343236233e+00
1.366471012690183562e+00
1.358940441710195124e+00
1.351451371427079495e+00
1.344003573132038998e+00
1.336596819376682621e+00
1.329230883966074028e+00
1.321905541951835295e+00
1.314620569625263746e+00
1.307375744510512083e+00
1.300170845357789817e+00
1.293005652136599792e+00
1.285879946029031773e+00
1.278793509423067576e+00
1.271746125905943714e+00
1.264737580257539795e+00
1.257767658443801784e+00
1.250836147610214777e+00
1.243942836075290881e+00
1.237087513324117261e+00
1.230269970001918178e+00
1.223489997907662108e+00
1.216747389987710593e+00
1.210041940329484200e+00
1.203373444155185767e+00
1.196741697815536076e+00
1.190146498783563267e+00
1.183587645648413567e+00
1.177064938109197545e+00
1.170578176968881445e+00
1.164127164128194281e+00
1.157711702579586222e+00
1.151331596401208524e+00
1.144986650750927204e+00
1.138676671860380685e+00
1.132401467029052533e+00
1.126160844618395940e+00
1.119954614045976848e+00
1.113782585779649947e+00
1.107644571331779293e+00
1.101540383253473143e+00
1.095469835128866753e+00
1.089432741569426266e+00
1.083428918208283909e+00
1.077458181694614936e+00
1.071520349688030116e+00
1.065615240853014845e+00
1.059742674853387356e+00
1.053902472346788688e+00
1.048094454979213719e+00
1.042318445379554204e+00
1.036574267154192430e+00
1.030861744881607533e+00
1.025180704107018448e+00
1.019530971337061276e+00
1.013912374034483532e+00
1.008324740612882575e+00
1.002767900431461578e+00
9.972416837898164799e-01
9.917459219227588996e-01
9.862804469951556019e-01
9.808450920968111442e-01
9.754396912373605177e-01
9.700640793412099727e-01
9.647180922424904992e-01
9.594015666800417286e-01
9.541143402924345818e-01
9.488562516130025770e-01
9.436271400649197671e-01
9.384268459562926656e-01
9.332552104752817046e-01
9.281120756852563325e-01
9.229972845199655440e-01
9.179106807787479339e-01
9.128521091217574046e-01
9.078214150652176295e-01
9.028184449767093778e-01
8.978430460704741600e-01
8.928950664027512918e-01
8.879743548671367170e-01
8.830807611899660348e-01
8.782141359257310542e-01
8.733743304525074524e-01
8.685611969674251753e-01
8.637745884821487197e-01
8.590143588183888346e-01
8.542803626034409792e-01
8.495724552657422102e-01
8.448904930304604877e-01
8.402343329151008566e-01
8.356038327251373854e-01
8.309988510496763015e-01
8.264192472571307846e-01
8.218648814909317313e-01
8.173356146652543952e-01
8.128313084607686756e-01
8.083518253204203807e-01
8.038970284452230386e-01
7.994667817900891205e-01
7.950609500596655943e-01
7.906793987042107785e-01
7.863219939154809657e-01
7.819886026226426923e-01
7.776790924882138745e-01
7.733933319040160459e-01
7.691311899871610125e-01
7.648925365760518291e-01
7.606772422264042044e-01
7.564851782072996578e-01
7.523162164972483357e-01
7.481702297802844681e-01
7.440470914420752591e-01
7.399466755660526474e-01
7.358688569295733783e-01
7.318135110000887344e-01
7.277805139313459071e-01
7.237697425596042455e-01
7.197810743998723781e-01
7.158143876421713125e-01
7.118695611478097485e-01
7.079464744456893666e-01
7.040450077286237729e-01
7.001650418496769834e-01
6.963064583185302192e-01
6.924691392978584714e-01
6.886529675997344890e-01
6.848578266820507521e-01
6.810836006449559887e-01
6.773301742273214465e-01
6.735974328032162672e-01
6.698852623784100624e-01
6.661935495868906987e-01
6.625221816873999581e-01
6.588710465599948440e-01
6.552400327026194349e-01
6.516290292277029383e-01
6.480379258587697366e-01
6.444666129270762989e-01
6.409149813682586405e-01
6.373829227190009883e-01
6.338703291137266493e-01
6.303770932813010930e-01
6.269031085417574589e-01
6.234482688030389408e-01
6.200124685577559358e-01
6.165956028799689514e-01
6.131975674219785066e-01
6.098182584111438986e-01
6.064575726467111849e-01
6.031154074966599277e-01
5.997916608945739192e-01
5.964862313365180135e-01
5.931990178779441569e-01
5.899299201306055229e-01
5.866788382594889661e-01
5.834456729797715679e-01
5.802303255537825111e-01
5.770326977879925989e-01
5.738526920300132117e-01
5.706902111656130261e-01
5.675451586157558292e-01
5.644174383336466594e-01
5.613069548018022603e-01
5.582136130291330822e-01
5.551373185480399375e-01
5.520779774115338601e-01
5.490354961903610720e-01
5.460097819701554833e-01
5.430007423485981866e-01
5.400082854325947146e-01
5.370323198354715055e-01
5.340727546741822485e-01
5.311294995665347685e-01
5.282024646284301239e-01
5.252915604711153597e-01
5.223966981984581315e-01
5.195177894042269928e-01
5.166547461693961063e-01
5.138074810594559505e-01
5.109759071217471194e-01
5.081599378828032254e-01
5.053594873457076808e-01
5.025744699874724608e-01
4.998048007564212525e-01
4.970503950695959738e-01
4.943111688101718415e-01
4.915870383248874820e-01
4.888779204214935836e-01
4.861837323662080990e-01
4.835043918811932628e-01
4.808398171420413814e-01
4.781899267752748317e-01
4.755546398558639920e-01
4.729338759047518326e-01
4.703275548864003786e-01
4.677355972063442779e-01
4.651579237087588581e-01
4.625944556740461122e-01
4.600451148164271253e-01
4.575098232815541510e-01
4.549885036441322361e-01
4.524810789055525029e-01
4.499874724915446378e-01
4.475076082498345431e-01
4.450414104478218058e-01
4.425888037702651601e-01
4.401497133169820497e-01
4.377240646005635116e-01
4.353117835440963312e-01
4.329127964789034055e-01
4.305270301422934320e-01
4.281544116753214224e-01
4.257948686205670907e-01
4.234483289199188483e-01
4.211147209123760615e-01
4.187939733318576385e-01
4.164860153050286007e-01
4.141907763491342598e-01
4.119081863698461632e-01
4.096381756591252477e-01
4.073806748930888788e-01
4.051356151298971531e-01
4.029029278076461940e-01
4.006825447422726061e-01
3.984743981254749157e-01
3.962784205226386747e-01
3.940945448707805499e-01
3.919227044764987955e-01
3.897628330139352726e-01
3.876148645227526779e-01
3.854787334061174353e-01
3.833543744286983523e-01
3.812417227146742138e-01
3.791407137457503684e-01
3.770512833591921908e-01
3.749733677458616521e-01
3.729069034482714318e-01
3.708518273586468017e-01
3.688080767169956697e-01
3.667755891091959985e-01
3.647543024650858334e-01
3.627441550565709272e-01
3.607450854957379160e-01
3.587570327329794306e-01
3.567799360551313081e-01
3.548137350836156334e-01
3.528583697726002111e-01
3.509137804071630895e-01
3.489799076014675205e-01
3.470566922969521295e-01
3.451440757605226395e-01
3.432419995827630799e-01
3.413504056761474947e-01
3.394692362732694146e-01
3.375984339250765465e-01
3.357379414991149003e-01
3.338877021777869603e-01
3.320476594566131867e-01
3.302177571425094493e-01
3.283979393520694567e-01
3.265881505098571780e-01
3.247883353467124201e-01
3.229984388980596255e-01
3.212184065022321011e-01
3.194481837988016881e-01
3.176877167269171465e-01
3.159369515236563619e-01
3.141958347223811621e-01
3.124643131511069538e-01
3.107423339308779675e-01
3.090298444741516048e-01
3.073267924831943887e-01
3.056331259484824647e-01
3.039487931471154814e-01
3.022737426412361317e-01
3.006079232764582443e-01
2.989512841803068088e-01
2.973037747606618320e-01
2.956653447042156269e-01
2.940359439749353210e-01
2.924155228125336903e-01
2.908040317309519840e-01
2.892014215168459690e-01
2.876076432280851858e-01
2.860226481922575337e-01
2.844463880051819604e-01
2.828788145294320322e-01
2.813198798928637223e-01
2.797695364871559676e-01
2.782277369663541666e-01
2.766944342454261685e-01
2.751695814988239785e-01
2.736531321590524590e-01
2.721450399152492983e-01
2.706452587117686992e-01
2.691537427467762811e-01
2.676704464708503650e-01
2.661953245855891992e-01
2.647283320422300634e-01
2.632694240402714270e-01
2.618185560261061529e-01
2.603756836916604200e-01
2.589407629730400839e-01
2.575137500491859743e-01
2.560946013405346333e-01
2.546832735076884902e-01
2.532797234500919203e-01
2.518839083047138550e-01
2.504957854447409371e-01
2.491153124782737038e-01
2.477424472470334538e-01
2.463771478250743330e-01
2.450193725175020265e-01
2.436690798592020257e-01
2.423262286135718924e-01
2.409907777712630428e-01
2.396626865489279723e-01
2.383419143879740576e-01
2.370284209533263797e-01
2.357221661321942108e-01
2.344231100328476869e-01
2.331312129833987001e-01
2.318464355305888402e-01
2.305687384385860517e-01
2.292980826877844269e-01
2.280344294736147970e-01
2.267777402053574587e-01
2.255279765049653939e-01
2.242851002058918186e-01
2.230490733519232827e-01
2.218198581960229288e-01
2.205974171991753052e-01
2.193817130292417261e-01
2.181727085598197113e-01
2.169703668691080334e-01
2.157746512387814508e-01
2.145855251528667185e-01
2.134029522966297276e-01
2.122268965554654496e-01
2.110573220137944295e-01
2.098941929539674678e-01
2.087374738551732445e-01
2.075871293923546856e-01
2.064431244351302153e-01
2.053054240467194758e-01
2.041739934828784853e-01
2.030487981908365713e-01
2.019298038082426305e-01
2.008169761621153848e-01
1.997102812677989392e-01
1.986096853279261942e-01
1.975151547313855060e-01
1.964266560522952565e-01
1.953441560489827811e-01
1.942676216629682373e-01
1.931970200179568831e-01
1.921323184188329647e-01
1.910734843506630420e-01
1.900204854777022001e-01
1.889732896424062003e-01
1.879318648644502654e-01
1.868961793397516113e-01
1.858662014394988349e-01
1.848418997091859362e-01
1.838232428676508934e-01
1.828101998061217870e-01
1.818027395872651442e-01
1.808008314442428321e-01
1.798044447797708667e-01
1.788135491651862141e-01
1.778281143395172292e-01
1.768481102085587564e-01
1.758735068439542526e-01
1.749042744822806861e-01
1.739403835241407625e-01
1.729818045332581211e-01
1.720285082355782480e-01
1.710804655183755518e-01
1.701376474293628260e-01
1.692000251758084828e-01
1.682675701236564791e-01
1.673402537966515169e-01
1.664180478754706261e-01
1.655009241968568023e-01
1.645888547527603052e-01
1.636818116894826203e-01
1.627797673068255013e-01
1.618826940572460904e-01
1.609905645450144251e-01
1.601033515253777184e-01
1.592210279037281906e-01
1.583435667347748710e-01
1.574709412217219773e-01
1.566031247154490436e-01
1.557400907136987089e-01
1.548818128602663102e-01
1.540282649441948593e-01
1.531794208989756823e-01
1.523352548017508634e-01
1.514957408725230992e-01
1.506608534733674953e-01
1.498305671076483880e-01
1.490048564192417990e-01
1.481836961917598061e-01
1.473670613477815194e-01
1.465549269480863614e-01
1.457472681908932310e-01
1.449440604111027486e-01
1.441452790795435257e-01
1.433508998022241521e-01
1.425608983195869317e-01
1.417752505057681689e-01
1.409939323678609246e-01
1.402169200451818531e-01
1.394441898085434506e-01
1.386757180595283856e-01
1.379114813297697417e-01
1.371514562802338966e-01
1.363956197005073145e-01
1.356439485080888074e-01
1.348964197476834048e-01
1.341530105905022752e-01
1.334136983335653392e-01
1.326784603990072142e-01
1.319472743333889864e-01
1.312201178070111773e-01
1.304969686132328999e-01
1.297778046677931785e-01
1.290626040081362669e-01
1.283513447927417395e-01
1.276440053004564146e-01
1.269405639298320232e-01
1.262409991984650426e-01
1.255452897423403602e-01
1.248534143151795589e-01
1.241653517877912144e-01
1.234810811474264802e-01
1.228005814971369763e-01
1.221238320551362999e-01
1.214508121541661156e-01
1.207815012408641059e-01
1.201158788751373468e-01
1.194539247295369200e-01
1.187956185886381716e-01
1.181409403484227488e-01
1.174898700156646186e-01
1.168423877073200556e-01
1.161984736499196008e-01
1.155581081789649883e-01
1.149212717383282928e-01
1.142879448796542824e-01
1.136581082617674071e-01
1.130317426500801470e-01
1.124088289160063980e-01
1.117893480363770231e-01
1.111732810928584836e-01
1.105606092713759675e-01
1.099513138615378360e-01
1.093453762560650522e-01
1.087427779502227049e-01
1.081435005412542810e-01
1.075475257278207530e-01
1.069548353094406656e-01
1.063654111859349827e-01
1.057792353568740712e-01
1.051962899210278080e-01
1.046165570758193636e-01
1.040400191167809157e-01
1.034666584370135672e-01
1.028964575266494430e-01
1.023293989723165348e-01
1.017654654566076955e-01
1.012046397575510071e-01
1.006469047480844647e-01
1.000922433955326596e-01
9.954063876108634745e-02
9.899207399928579287e-02
9.844653235750572273e-02
9.790399717544379099e-02
9.736445188461266553e-02
9.682788000783258686e-02
9.629426515872904768e-02
9.576359104123276234e-02
9.523584144908088522e-02
9.471100026532275340e-02
9.418905146182814103e-02
9.366997909879669348e-02
9.315376732427189943e-02
9.264040037365657565e-02
9.212986256923222372e-02
9.162213831967912225e-02
9.111721211960074895e-02
9.061506854905077013e-02
9.011569227306104324e-02
8.961906804117386605e-02
8.912518068697687645e-02
8.863401512763854906e-02
8.814555636344860445e-02
8.765978947735933446e-02
8.717669963453091031e-02
8.669627208187720424e-02
8.621849214761584390e-02
8.574334524082052877e-02
8.527081685097459562e-02
8.480089254752840033e-02
8.433355797945837895e-02
8.386879887482945328e-02
8.340660104035808875e-02
8.294695036097950169e-02
8.248983279941689284e-02
8.203523439575194365e-02
8.158314126699892088e-02
8.113353960668118203e-02
8.068641568440862444e-02
8.024175584545890916e-02
7.979954651036021140e-02
7.935977417447724613e-02
7.892242540759765446e-02
7.848748685352259502e-02
7.805494522965913951e-02
7.762478732661377834e-02
7.719700000778952076e-02
7.677157020898513207e-02
7.634848493799520353e-02
7.592773127421405255e-02
7.550929636824081637e-02
7.509316744148770983e-02
7.467933178578872733e-02
7.426777676301220266e-02
7.385848980467508984e-02
7.345145841155840960e-02
7.304667015332587388e-02
7.264411266814478629e-02
7.224377366230758102e-02
7.184564090985705309e-02
7.144970225221257409e-02
7.105594559779951358e-02
7.066435892167897970e-02
7.027493026518107089e-02
6.988764773554011211e-02
6.950249950553062661e-02
6.911947381310661054e-02
6.873855896104216767e-02
6.835974331657476699e-02
6.798301531104922191e-02
6.760836343956473649e-02
6.723577626062401946e-02
6.686524239578305051e-02
6.649675052930398289e-02
6.613028940780997511e-02
6.576584783994073036e-02
6.540341469601126945e-02
6.504297890767173074e-02
6.468452946756995947e-02
6.432805542901445794e-02
6.397354590564059695e-02
6.362099007107843707e-02
6.327037715862142420e-02
6.292169646089788848e-02
6.257493732954448606e-02
6.223008917488018210e-02
6.188714146558347423e-02
6.154608372837044178e-02
6.120690554767537622e-02
6.086959656533203616e-02
6.053414648025760847e-02
6.020054504813857066e-02
5.986878208111705985e-02
5.953884744748008662e-02
5.921073107135055996e-02
5.888442293237878405e-02
5.855991306543698038e-02
5.823719156031466337e-02
5.791624856141654870e-02
5.759707426746078773e-02
5.727965893118006774e-02
5.696399285902418314e-02
5.665006641086345329e-02
5.633786999969465914e-02
5.602739409134811777e-02
5.571862920419690807e-02
5.541156590886668620e-02
5.510619482794806151e-02
5.480250663571048508e-02
5.450049205781686001e-02
5.420014187104061493e-02
5.390144690298433877e-02
5.360439803179908175e-02
5.330898618590614729e-02
5.301520234371984858e-02
5.272303753337245075e-02
5.243248283243956420e-02
5.214352936766791791e-02
5.185616831470473559e-02
5.157039089782757685e-02
5.128618838967673871e-02
5.100355211098891312e-02
5.072247343033167710e-02
5.044294376384009931e-02
5.016495457495458860e-02
4.988849737416051200e-02
4.961356371872828463e-02
4.934014521245595752e-02
4.906823350541297812e-02
4.879782029368468638e-02
4.852889731911899651e-02
4.826145636907446662e-02
4.799548927616888866e-02
4.773098791803039725e-02
4.746794421704899486e-02
4.720635014013046388e-02
4.694619769845035512e-02
4.668747894721034242e-02
4.643018598539588176e-02
4.617431095553430065e-02
4.591984604345530213e-02
4.566678347805207261e-02
4.541511553104441573e-02
4.516483451674203203e-02
4.491593279181023413e-02
4.466840275503673741e-02
4.442223684709899895e-02
4.417742755033353397e-02
4.393396738850682132e-02
4.369184892658620201e-02
4.345106477051337984e-02
4.321160756697829675e-02
4.297347000319499954e-02
4.273664480667777044e-02
4.250112474501925586e-02
4.226690262566993456e-02
4.203397129571787710e-02
4.180232364167058706e-02
4.157195258923800096e-02
4.134285110311600175e-02
4.111501218677179187e-02
4.088842888223016142e-02
4.066309426986129683e-02
4.043900146816892943e-02
4.021614363358047561e-02
3.999451396023830790e-02
3.977410567979131062e-02
3.955491206118855185e-02
3.933692641047389221e-02
3.912014207058112092e-02
3.890455242113093071e-02
3.869015087822857274e-02
3.847693089426319074e-02
3.826488595770730083e-02
3.805400959291820734e-02
3.784429535994048022e-02
3.763573685430879334e-02
3.742832770685269178e-02
3.722206158350192112e-02
3.701693218509322092e-02
3.681293324717761772e-02
3.661005853982925162e-02
3.640830186745538932e-02
3.620765706860674948e-02
3.600811801578957666e-02
3.580967861527872137e-02
3.561233280693110875e-02
3.541607456400095583e-02
3.522089789295558548e-02
3.502679683329266991e-02
3.483376545735777235e-02
3.464179787016354040e-02
3.445088820920989142e-02
3.426103064430453815e-02
3.407221937738520029e-02
3.388444864234267662e-02
3.369771270484438891e-02
3.351200586215952876e-02
3.332732244298473173e-02
3.314365680727119484e-02
3.296100334605202992e-02
3.277935648127111579e-02
3.259871066561302599e-02
3.241906038233317161e-02
3.224040014508954000e-02
3.206272449777533562e-02
3.188602801435198170e-02
3.171030529868364839e-02
3.153555098437235693e-02
3.136175973459433969e-02
3.118892624193667085e-02
3.101704522823538895e-02
3.084611144441446948e-02
3.067611967032517900e-02
3.050706471458688313e-02
3.033894141442840947e-02
3.017174463553056601e-02
3.000546927186907575e-02
2.984011024555873956e-02
2.967566250669857741e-02
2.951212103321724720e-02
2.934948083071987207e-02
2.918773693233565197e-02
2.902688439856586020e-02
2.886691831713324510e-02
2.870783380283182737e-02
2.854962599737803641e-02
2.839229006926192664e-02
2.823582121359981614e-02
2.808021465198775116e-02
2.792546563235519946e-02
2.777156942882012466e-02
2.761852134154480637e-02
2.746631669659198652e-02
2.731495084578236532e-02
2.716441916655254474e-02
2.701471706181403712e-02
2.686583995981259992e-02
2.671778331398873621e-02
2.657054260283903818e-02
2.642411332977779442e-02
2.627849102299979062e-02
2.613367123534392905e-02
2.598964954415708406e-02
2.584642155115927584e-02
2.570398288230921896e-02
2.556232918767097420e-02
2.542145614128075992e-02
2.528135944101504370e-02
2.514203480845927929e-02
2.500347798877695579e-02
2.486568475057984728e-02
2.472865088579871001e-02
2.459237220955497530e-02
2.445684456003261245e-02
2.432206379835120599e-02
2.418802580843973371e-02
2.405472649691051470e-02
2.392216179293436482e-02
2.379032764811646328e-02
2.365922003637239285e-02
2.352883495380535955e-02
2.339916841858387733e-02
2.327021647082031311e-02
2.314197517244969207e-02
2.301444060710956460e-02
2.288760888002055668e-02
2.276147611786712849e-02
2.263603846867943623e-02
2.251129210171586709e-02
2.238723320734570255e-02
2.226385799693303413e-02
2.214116270272091860e-02
2.201914357771653230e-02
2.189779689557645390e-02
2.177711895049299143e-02
2.165710605708116507e-02
2.153775455026588070e-02
2.141906078517012701e-02
2.130102113700382133e-02
2.118363200095281854e-02
2.106688979206902332e-02
2.095079094516081111e-02
2.083533191468431994e-02
2.072050917463493999e-02
2.060631921843970871e-02
2.049275855885040326e-02
2.037982372783677873e-02
2.026751127648079506e-02
2.015581777487124998e-02
2.004473981199916474e-02
1.993427399565339195e-02
1.982441695231712542e-02
1.971516532706500680e-02
1.960651578346043339e-02
1.949846500345377848e-02
1.939100968728116672e-02
1.928414655336350633e-02
1.917787233820638856e-02
1.907218379630036542e-02
1.896707770002199062e-02
1.886255083953500625e-02
1.875860002269245930e-02
1.865522207493929691e-02
1.855241383921521839e-02
1.845017217585835645e-02
1.834849396250952738e-02
1.824737609401662353e-02
1.814681548233997715e-02
1.804680905645792907e-02
1.794735376227324028e-02
1.784844656251956263e-02
1.775008443666881153e-02
1.765226438083903823e-02
1.755498340770246177e-02
1.745823854639434736e-02
1.736202684242240182e-02
1.726634535757632163e-02
1.717119116983820137e-02
1.707656137329323712e-02
1.698245307804111329e-02
1.688886341010755604e-02
1.679578951135663953e-02
1.670322853940362992e-02
1.661117766752796820e-02
1.651963408458708218e-02
1.642859499493047257e-02
1.633805761831445477e-02
1.624801918981706728e-02
1.615847695975373977e-02
1.606942819359340191e-02
1.598087017187477948e-02
1.589280019012346418e-02
1.580521555876939280e-02
1.571811360306452077e-02
1.563149166300128665e-02
1.554534709323128830e-02
1.545967726298463907e-02
1.537447955598943670e-02
1.528975137039194701e-02
1.520549011867726105e-02
1.512169322759006340e-02
1.503835813805616192e-02
1.495548230510441653e-02
1.487306319778882932e-02
1.479109829911139790e-02
1.470958510594515614e-02
1.462852112895787586e-02
1.454790389253586037e-02
1.446773093470841987e-02
1.438799980707278561e-02
1.430870807471915605e-02
1.422985331615643501e-02
1.415143312323834980e-02
1.407344510108974288e-02
1.399588686803357636e-02
1.391875605551809274e-02
1.384205030804462784e-02
1.376576728309550184e-02
1.368990465106256597e-02
1.361446009517613097e-02
1.353943131143405323e-02
1.346481600853150808e-02
1.339061190779090860e-02
1.331681674309248553e-02
1.324342826080486882e-02
1.317044421971637694e-02
1.309786239096664626e-02
1.302568055797839221e-02
1.295389651638980885e-02
1.288250807398732406e-02
1.281151305063849694e-02
1.274090927822553974e-02
1.267069460057905668e-02
1.260086687341229784e-02
1.253142396425551731e-02
1.246236375239094182e-02
1.239368412878805864e-02
1.232538299603907345e-02
1.225745826829492506e-02
1.218990787120167486e-02
1.212272974183698469e-02
1.205592182864722965e-02
1.198948209138480693e-02
1.192340850104590955e-02
1.185769903980841630e-02
1.179235170097035768e-02
1.172736448888869222e-02
1.166273541891822349e-02
1.159846251735105818e-02
1.153454382135641124e-02
1.147097737892049767e-02
1.140776124878705583e-02
1.134489350039797131e-02
1.128237221383444726e-02
1.122019547975820243e-02
1.115836139935327126e-02
1.109686808426804151e-02
1.103571365655747413e-02
1.097489624862581573e-02
1.091441400316963718e-02
1.085426507312095903e-02
1.079444762159095968e-02
1.073495982181381023e-02
1.067579985709100031e-02
1.061696592073570547e-02
1.055845621601767675e-02
1.050026895610845466e-02
1.044240236402665771e-02
1.038485467258380354e-02
1.032762412433029658e-02
1.027070897150184590e-02
1.021410747596596287e-02
1.015781790916894106e-02
1.010183855208312935e-02
1.004616769515431773e-02
9.990803638249577678e-03
9.935744690605423368e-03
9.880989170776033684e-03
9.826535406581989388e-03
9.772381735059183783e-03
9.718526502408088991e-03
9.664968063943154067e-03
9.611704784042631594e-03
9.558735036098671423e-03
9.506057202467551454e-03
9.453669674420316082e-03
9.401570852093725159e-03
9.349759144441254985e-03
9.298232969184598920e-03
9.246990752765324104e-03
9.196030930296859515e-03
9.145351945516614137e-03
9.094952250738511448e-03
9.044830306805758113e-03
8.994984583043744500e-03
8.945413557213363273e-03
8.896115715464544826e-03
8.847089552289957512e-03
8.798333570479065224e-03
8.749846281072396620e-03
8.701626203316133526e-03
8.653671864616772208e-03
8.605981800496240869e-03
8.558554554547175008e-03
8.511388678388387072e-03
8.464482731620667430e-03
8.417835281782791793e-03
8.371444904307813115e-03
8.325310182479471466e-03
8.279429707388985538e-03
8.233802077892059257e-03
8.188425900566006360e-03
8.143299789667237526e-03
8.098422367088997306e-03
8.053792262319173917e-03
8.009408112398513219e-03
7.965268561878968007e-03
7.921372262782356080e-03
7.877717874559108518e-03
7.834304064047371841e-03
7.791129505432350423e-03
7.748192880205713971e-03
7.705492877125385762e-03
7.663028192175539918e-03
7.620797528526683691e-03
7.578799596496124842e-03
7.537033113508547454e-03
7.495496804056906055e-03
7.454189399663377867e-03
7.413109638840679333e-03
7.372256267053582147e-03
7.331628036680502142e-03
7.291223706975462002e-03
7.251042044030226591e-03
7.211081820736539756e-03
7.171341816748710678e-03
7.131820818446312979e-03
7.092517618897181339e-03
7.053431017820460149e-03
7.014559821550004313e-03
6.975902842997957869e-03
6.937458901618421929e-03
6.899226823371448769e-03
6.861205440687179018e-03
6.823393592430218244e-03
6.785790123864108951e-03
6.748393886616105286e-03
6.711203738642139427e-03
6.674218544191867775e-03
6.637437173774020718e-03
6.600858504121952762e-03
6.564481418159267244e-03
6.528304804965737694e-03
6.492327559743369704e-03
6.456548583782709995e-03
6.420966784429206660e-03
6.385581075049893800e-03
6.350390375000236620e-03
6.315393609591048521e-03
6.280589710055720434e-03
6.245977613517612360e-03
6.211556262957520363e-03
6.177324607181446277e-03
6.143281600788472359e-03
6.109426204138880545e-03
6.075757383322336752e-03
6.042274110126339727e-03
6.008975362004878931e-03
5.975860122047103699e-03
5.942927378946333272e-03
5.910176126969194331e-03
5.877605365924836595e-03
5.845214101134433779e-03
5.813001343400787772e-03
5.780966108978166998e-03
5.749107419542185543e-03
5.717424302159971987e-03
5.685915789260483078e-03
5.654580918604892002e-03
5.623418733257242938e-03
5.592428281555207950e-03
5.561608617081069406e-03
5.530958798632751826e-03
5.500477890195104407e-03
5.470164960911355276e-03
5.440019085054616926e-03
5.410039341999650121e-03
5.380224816194782191e-03
5.350574597133870430e-03
5.321087779328555201e-03
5.291763462280578943e-03
5.262600750454324641e-03
5.233598753249413260e-03
5.204756584973519763e-03
5.176073364815384284e-03
5.147548216817818961e-03
5.119180269851013147e-03
5.090968657585946168e-03
5.062912518467875544e-03
5.035010995690063738e-03
5.007263237167595971e-03
4.979668395511392329e-03
4.952225628002276253e-03
4.924934096565262466e-03
4.897792967743996688e-03
4.870801412675243060e-03
4.843958607063596211e-03
4.817263731156348587e-03
4.790715969718380325e-03
4.764314512007319750e-03
4.738058551748755912e-03
4.711947287111653213e-03
4.685979920683805942e-03
4.660155659447520055e-03
4.634473714755423315e-03
4.608933302306315351e-03
4.583533642121267494e-03
4.558273958519770339e-03
4.533153480096092057e-03
4.508171439695660143e-03
4.483327074391664328e-03
4.458619625461779194e-03
4.434048338364947502e-03
4.409612462718356940e-03
4.385311252274553054e-03
4.361143964898598138e-03
4.337109862545442639e-03
4.313208211237363338e-03
4.289438281041591493e-03
4.265799346047961793e-03
4.242290684346772950e-03
4.218911578006769719e-03
4.195661313053159619e-03
4.172539179445841281e-03
4.149544471057745564e-03
4.126676485653210484e-03
4.103934524866584277e-03
4.081317894180873547e-03
4.058825902906562297e-03
4.036457864160479525e-03
4.014213094844838563e-03
3.992090915626403912e-03
3.970090650915697114e-03
3.948211628846388238e-03
3.926453181254800119e-03
3.904814643659459007e-03
3.883295355240831258e-03
3.861894658821125089e-03
3.840611900844256681e-03
3.819446431355843618e-03
3.798397603983374397e-03
3.777464775916498062e-03
3.756647307887342902e-03
3.735944564151028133e-03
3.715355912466229791e-03
3.694880724075907084e-03
3.674518373688053039e-03
3.654268239456618609e-03
3.634129702962552583e-03
3.614102149194861439e-03
3.594184966531857421e-03
3.574377546722497679e-03
3.554679284867766787e-03
3.535089579402233163e-03
3.515607832075660997e-03
3.496233447934772240e-03
3.476965835305032872e-03
3.457804405772604839e-03
3.438748574166397738e-03
3.419797758540157363e-03
3.400951380154712544e-03
3.382208863460323036e-03
3.363569636079063400e-03
3.345033128787364314e-03
3.326598775498622838e-03
3.308266013245938011e-03
3.290034282164877241e-03
3.271903025476401421e-03
3.253871689469881121e-03
3.235939723486140097e-03
3.218106579900670543e-03
3.200371714106922064e-03
3.182734584499625780e-03
3.165194652458292769e-03
3.147751382330740266e-03
3.130404241416764877e-03
3.113152699951837916e-03
3.095996231090940385e-03
3.078934310892496393e-03
3.061966418302334344e-03
3.045092035137797731e-03
3.028310646071910583e-03
3.011621738617663042e-03
2.995024803112322082e-03
2.978519332701890128e-03
2.962104823325638694e-03
2.945780773700681487e-03
2.929546685306685418e-03
2.913402062370659684e-03
2.897346411851785177e-03
2.881379243426375296e-03
2.865500069472895310e-03
2.849708405057091443e-03
2.834003767917146841e-03
2.818385678448971990e-03
2.802853659691575787e-03
2.787407237312462208e-03
2.772045939593165750e-03
2.756769297414860161e-03
2.741576844243998404e-03
2.726468116118090090e-03
2.711442651631514912e-03
2.696499991921463574e-03
2.681639680653882633e-03
2.666861264009559411e-03
2.652164290670281071e-03
2.637548311805011474e-03
2.623012881056209847e-03
2.608557554526209302e-03
2.594181890763630049e-03
2.579885450749922707e-03
2.565667797885943287e-03
2.551528497978649158e-03
2.537467119227801091e-03
2.523483232212796711e-03
2.509576409879568561e-03
2.495746227527513832e-03
2.481992262796543346e-03
2.468314095654174350e-03
2.454711308382723049e-03
2.441183485566515796e-03
2.427730214079219535e-03
2.414351083071242503e-03
2.401045683957151421e-03
2.387813610403212699e-03
2.374654458315000449e-03
2.361567825825020960e-03
2.348553313280462088e-03
2.335610523230980361e-03
2.322739060416579172e-03
2.309938531755512114e-03
2.297208546332290408e-03
2.284548715385760140e-03
2.271958652297202935e-03
2.259437972578541565e-03
2.246986293860611054e-03
2.234603235881455364e-03
2.222288420474732504e-03
2.210041471558157368e-03
2.197862015122033046e-03
2.185749679217803380e-03
2.173704093946705711e-03
2.161724891448490830e-03
2.149811705890158561e-03
2.137964173454801747e-03
2.126181932330507927e-03
2.114464622699283557e-03
2.102811886726082755e-03
2.091223368547871168e-03
2.079698714262774410e-03
2.068237571919246450e-03
2.056839591505333839e-03
2.045504424937997622e-03
2.034231726052456498e-03
2.023021150591639266e-03
2.011872356195656790e-03
2.000785002391362866e-03
1.989758750581935905e-03
1.978793264036548226e-03
1.967888207880096919e-03
1.957043249082949035e-03
1.946258056450784774e-03
1.935532300614498579e-03
1.924865654020113670e-03
1.914257790918793070e-03
1.903708387356887284e-03
1.893217121166054394e-03
1.882783671953397941e-03
1.872407721091695881e-03
1.862088951709680489e-03
1.851827048682337358e-03
1.841621698621295463e-03
1.831472589865265795e-03
1.821379412470502989e-03
1.811341858201352597e-03
1.801359620520832407e-03
1.791432394581285751e-03
1.781559877215047613e-03
1.771741766925199633e-03
1.761977763876373471e-03
1.752267569885569134e-03
1.742610888413064591e-03
1.733007424553366588e-03
1.723456885026184880e-03
1.713958978167488866e-03
1.704513413920594796e-03
1.695119903827321068e-03
1.685778161019157182e-03
1.676487900208515312e-03
1.667248837680026770e-03
1.658060691281857324e-03
1.648923180417104489e-03
1.639836026035221489e-03
1.630798950623508657e-03
1.621811678198619789e-03
1.612873934298140717e-03
1.603985445972220354e-03
1.595145941775214090e-03
1.586355151757404399e-03
1.577612807456766535e-03
1.568918641890748979e-03
1.560272389548136070e-03
1.551673786380929933e-03
1.543122569796303092e-03
1.534618478648554782e-03
1.526161253231151163e-03
1.517750635268799156e-03
1.509386367909543256e-03
1.501068195716928275e-03
1.492795864662209990e-03
1.484569122116577303e-03
1.476387716843451147e-03
1.468251398990803348e-03
1.460159920083541410e-03
1.452113033015900228e-03
1.444110492043905371e-03
1.436152052777877773e-03
1.428237472174950567e-03
1.420366508531659003e-03
1.412538921476563748e-03
1.404754471962897395e-03
1.397012922261271252e-03
1.389314035952412055e-03
1.381657577919953540e-03
1.374043314343237560e-03
1.366471012690183501e-03
1.358940441710195218e-03
1.351451371427080756e-03
1.344003573132041907e-03
1.336596819376682831e-03
1.329230883966075506e-03
1.321905541951836445e-03
1.314620569625263476e-03
1.307375744510513296e-03
1.300170845357791162e-03
1.293005652136599778e-03
1.285879946029031993e-03
1.278793509423069123e-03
1.271746125905946073e-03
1.264737580257539653e-03
1.257767658443802866e-03
1.250836147610215896e-03
1.243942836075291299e-03
1.237087513324118451e-03
1.230269970001919479e-03
1.223489997907662450e-03
1.216747389987710539e-03
1.210041940329485092e-03
1.203373444155186791e-03
1.196741697815535905e-03
1.190146498783564363e-03
1.183587645648414557e-03
1.177064938109197547e-03
1.170578176968881416e-03
1.164127164128195453e-03
1.157711702579586593e-03
1.151331596401208596e-03
1.144986650750928368e-03
1.138676671860381490e-03
1.132401467029052694e-03
1.126160844618397539e-03
1.119954614045978172e-03
1.113782585779650057e-03
1.107644571331779272e-03
1.101540383253474340e-03
1.095469835128866625e-03
1.089432741569426513e-03
1.083428918208285009e-03
1.077458181694616055e-03
1.071520349688030119e-03
1.065615240853016142e-03
1.059742674853388468e-03
1.053902472346788860e-03
1.048094454979213441e-03
1.042318445379555262e-03
1.036574267154194559e-03
1.030861744881607454e-03
1.025180704107019319e-03
1.019530971337062261e-03
1.013912374034483567e-03
1.008324740612883633e-03
1.002767900431462793e-03
